set,sr,sigma,Effective_sr,KL,Entropy,Accuracy,F1
1,0.8,0.1,0.7737526748222354,0.4672830990323397,4.757042464647321,0.7731993299832496,0.7672447578849738
1,0.8,0.1,0.8237109041496742,0.41278044651765494,4.774968135826219,0.7845896147403685,0.78070714306896
1,0.8,0.1,0.8100000000000082,0.2893511582240509,4.6819157342553845,0.7842546063651591,0.7815723280504668
1,0.8,0.1,0.806826822648799,0.40444937183501867,4.62468734006171,0.7758793969849246,0.7725732124018532
1,0.8,0.1,0.8090481108867151,0.9536810441642414,4.854056359076411,0.7946398659966499,0.7916386812304889
1,0.8,0.1,0.7770715318307418,0.09837675448667164,4.761104319062682,0.75678391959799,0.7525739569073446
1,0.8,0.1,0.8100000000000139,1.387720794307843,4.88337783444135,0.8120603015075377,0.8098987068450848
1,0.8,0.1,0.7978711861685546,0.31693802477111277,4.680967499450998,0.7849246231155779,0.7822093295233257
2,0.8,0.2,0.7847244624614165,0.012803296541981882,4.822117679636691,0.776214405360134,0.7738108777470508
2,0.8,0.2,0.8009378928263189,0.02742268932912207,4.833286050921668,0.7467336683417085,0.7411677309841428
2,0.8,0.2,0.7819588306094495,0.015129501632193985,4.801411796750932,0.7949748743718593,0.7926612322594597
2,0.8,0.2,0.776132835126605,0.007932744260886231,4.796459519687971,0.7899497487437186,0.7870077770892868
2,0.8,0.2,0.8178812618765147,0.050932693242791115,4.914071944854446,0.7433835845896147,0.7368457434615409
2,0.8,0.2,0.8020779253361187,0.015542267921314093,4.821110939468973,0.7289782244556114,0.7244885310336857
2,0.8,0.2,0.8045012307555446,0.013919023629978575,4.8418027145665565,0.7728643216080402,0.7692317191024209
2,0.8,0.2,0.7916960830718931,0.07417001668134007,4.924376506244054,0.8080402010050252,0.8055584688970068
3,0.8,0.3,0.7845648925562764,0.023244935129062214,4.872594508365786,0.7772194304857621,0.7734629872894587
3,0.8,0.3,0.7998289613557014,0.012233079029767328,4.949535719097536,0.7661641541038526,0.7625117655099706
3,0.8,0.3,0.8160337983248763,0.013889793113591217,4.8987248684748845,0.7963149078726968,0.7943764657180798
3,0.8,0.3,0.8020425005663958,0.04960966474419941,4.803769370969761,0.7108877721943049,0.7048989819052319
3,0.8,0.3,0.8087039043917335,0.019872126281581373,4.914819592837129,0.7752093802345059,0.7716935645004943
3,0.8,0.3,0.7940764652894005,0.01527508724215194,4.926444685756612,0.7604690117252931,0.7566700765462004
3,0.8,0.3,0.7943556352197295,0.0201487703936579,4.9360919060467445,0.7872696817420436,0.7851535277812668
3,0.8,0.3,0.7923832111131534,0.014697625474784246,4.915860710907175,0.759463986599665,0.7540704806706191
4,0.9,0.1,0.8923657038483267,0.21792430441416677,4.81563636047567,0.7909547738693468,0.7860702919089279
4,0.9,0.1,0.8836670621621726,0.30926082324200066,4.736948378224435,0.7896147403685092,0.7871476887584047
4,0.9,0.1,0.9033728479407009,0.39831741526864484,4.744964482660551,0.7812395309882747,0.7782792023619234
4,0.9,0.1,0.8890281621878416,0.27845186324276977,4.715899433860083,0.7869346733668342,0.7835551655291113
4,0.9,0.1,0.8846239512507799,0.5871797937096681,4.773977200075092,0.8100502512562814,0.8080655056712811
4,0.9,0.1,0.8947279345310987,1.131180547492451,4.930183520025224,0.8010050251256281,0.7982004588172475
4,0.9,0.1,0.8836457134361851,0.3617465115406432,4.7465179042265175,0.7711892797319932,0.7670125258530542
4,0.9,0.1,0.8707933731637991,0.26386863089779344,4.843458564619137,0.8060301507537688,0.8036972692210498
5,0.9,0.2,0.9050000000000085,0.03511140524683691,4.878802829336171,0.7782244556113903,0.7755231212311077
5,0.9,0.2,0.9134470252076674,0.037740524074523524,4.876738601388467,0.7909547738693468,0.7885778087231607
5,0.9,0.2,0.8853120383955833,0.03367166494035696,4.790031890826605,0.7206030150753768,0.7146935277583543
5,0.9,0.2,0.8996442827419594,0.05063015249068677,4.898364914505514,0.8083752093802345,0.8063577812649869
5,0.9,0.2,0.8813587341886964,0.0481918337908552,4.878161425951798,0.7752093802345059,0.7712881127024536
5,0.9,0.2,0.8693885640553352,0.059662542059170674,4.843586275441497,0.8140703517587939,0.8124674740249491
5,0.9,0.2,0.9049999999999996,0.18883367899130876,5.0106796988480475,0.8361809045226131,0.8352552325069442
5,0.9,0.2,0.8850161366211369,0.009021362224394085,4.85031513375789,0.7149078726968174,0.7104626785366982
6,0.9,0.3,0.8738025339780487,0.00854770902453351,4.926526972953234,0.7584589614740368,0.75419245918158
6,0.9,0.3,0.9032821303814336,0.01738432628375637,4.958763108913826,0.8013400335008375,0.7985841492382153
6,0.9,0.3,0.8894308986204363,0.01279634084852754,4.905299300064274,0.654606365159129,0.645746316059404
6,0.9,0.3,0.8884258475892227,0.019071977532902327,5.011019482375534,0.7098827470686767,0.703736250166534
6,0.9,0.3,0.8972231089697507,0.014258651715179971,5.0303737840888525,0.7638190954773869,0.7597794057280284
6,0.9,0.3,0.9049999999999807,0.026246329656886842,5.036242715076662,0.8227805695142378,0.8217387809208381
6,0.9,0.3,0.874468388017222,0.01612431250541739,4.988088254594022,0.7812395309882747,0.7785706334347016
6,0.9,0.3,0.9043284591387137,0.022343890746825412,4.898011381028024,0.5631490787269682,0.5440508124087777
7,1.0,0.1,0.9759259749259827,1.3377718162725334,4.92201552016401,0.7829145728643216,0.7790597290223376
7,1.0,0.1,0.9909198028984009,0.47833529294518695,4.766122104265918,0.7752093802345059,0.7716734221768902
7,1.0,0.1,0.9748360836389167,0.2373461189408212,4.805106798906155,0.7785594639865997,0.7746609658110989
7,1.0,0.1,1.0000000000000013,0.4427073920971478,4.812388925131819,0.766499162479062,0.7628376268749488
7,1.0,0.1,0.9920931080270834,0.6036227370068341,4.74199833347662,0.7872696817420436,0.7843689079485872
7,1.0,0.1,0.9568405340530626,0.10009024623298693,4.6727391139869185,0.7437185929648241,0.7367292934372938
7,1.0,0.1,0.9888412289752369,0.5447060529880137,4.8317724447914525,0.7805695142378559,0.7778155133909216
7,1.0,0.1,1.0094397870824674,0.6509506208515831,4.820726060238707,0.755108877721943,0.7500696297499954
8,1.0,0.2,1.002445407080072,0.06436935788288028,4.872332504676522,0.7742043551088778,0.7698757002547666
8,1.0,0.2,0.9978461935905864,0.03128228243393792,4.859376164223938,0.6696817420435511,0.6591417126668356
8,1.0,0.2,0.9961030878727959,0.024778034403737794,4.869121952801327,0.7728643216080402,0.7682620070817918
8,1.0,0.2,0.9847063637082433,0.012508296444164426,4.840029877137635,0.704857621440536,0.6987554068527475
8,1.0,0.2,0.9661165296241264,0.09184358181192358,4.98016006854312,0.7782244556113903,0.775719752367362
8,1.0,0.2,0.9857144422023583,0.2194733306051314,4.971018183393845,0.8020100502512563,0.7989769575838637
8,1.0,0.2,0.9773583650878114,0.01579629513194198,4.7582954053432776,0.7437185929648241,0.7395908211318346
8,1.0,0.2,0.9501875799634476,0.03962551850555056,4.873410071496695,0.7581239530988275,0.753918631006081
9,1.0,0.3,0.9768462634595487,0.009887045476501018,4.94720727070287,0.6301507537688442,0.6155649358211553
9,1.0,0.3,0.9697029346146938,0.014608074774412418,4.907765237674552,0.4659966499162479,0.432462076630709
9,1.0,0.3,0.9974765441134561,0.020538408251806205,5.005342156488503,0.8087102177554439,0.8073574004081447
9,1.0,0.3,0.9960800589078393,0.01632245717790162,4.9659602590938565,0.7949748743718593,0.7927161131048841
9,1.0,0.3,0.979825696722234,0.023619541908045286,5.01045960732429,0.7008375209380234,0.6919224937230324
9,1.0,0.3,0.9861966002169296,0.01674193740172599,5.0096439603685905,0.6767169179229481,0.6669705708355593
9,1.0,0.3,0.9734288727852122,0.010953891243527749,4.970373287485941,0.5239530988274707,0.49431467588818456
9,1.0,0.3,0.9568848232156605,0.009908239438538538,4.981406101067985,0.5728643216080402,0.5613160439195287
10,1.1,0.1,1.0922640131471215,0.6169126785368456,4.772631782353143,0.785929648241206,0.7838322301154392
10,1.1,0.1,1.0686742761399761,0.29952206872232834,4.871563742718431,0.7654941373534339,0.7580815749016997
10,1.1,0.1,1.0629772317002169,0.6497841178820485,4.778490763911646,0.7849246231155779,0.7811479774238498
10,1.1,0.1,1.0949999999999955,0.169152566815633,4.8767230523024265,0.7768844221105528,0.7742086903757747
10,1.1,0.1,1.0950000000000175,0.9365285465984268,4.9092239489695935,0.7912897822445562,0.7885200661251632
10,1.1,0.1,1.0892080816550362,0.25857752007836426,4.646947717039268,0.7403685092127303,0.7337037197697948
10,1.1,0.1,1.0490665842583469,0.4634721532271331,4.802577405559612,0.7906197654941374,0.7881896853604258
10,1.1,0.1,1.0805940285008135,0.1441514650808235,4.785973917916845,0.7628140703517587,0.7581088242232595
11,1.1,0.2,1.0534129536172758,0.031987572669797404,4.886662823450031,0.7447236180904523,0.7393017555501333
11,1.1,0.2,1.0837892061393553,0.03335660039188523,4.870326258904447,0.7571189279731994,0.7532028361853027
11,1.1,0.2,1.0827455339990093,0.02277944108021911,4.856873770624067,0.7413735343383585,0.7362227506998228
11,1.1,0.2,1.0576474012106858,0.0571502696694871,4.94025892143853,0.7597989949748744,0.7544043515104589
11,1.1,0.2,1.0865628646782424,0.06963135033927272,4.85991921639822,0.7202680067001676,0.7153460442397087
11,1.1,0.2,1.0898582546504882,0.16025029836658086,4.948694517123249,0.804355108877722,0.8019746892525366
11,1.1,0.2,1.1109067012999054,0.01475532858083934,4.873685572541929,0.609715242881072,0.5936827287176312
11,1.1,0.2,1.0921132319909537,0.017776773545145022,4.895628362789426,0.6690117252931324,0.658251424395383
12,1.1,0.3,1.062033745684432,0.0429733169195341,5.067482453357133,0.5758793969849246,0.5591683819727029
12,1.1,0.3,1.0785255544460266,0.027068684501743864,5.029340475114251,0.7182579564489112,0.7121579266056381
12,1.1,0.3,1.061159935884334,0.012721488745354089,4.951255159732552,0.5815745393634841,0.5655461621255847
12,1.1,0.3,1.0925595033461974,0.05678507855169618,5.094044404533199,0.8073701842546064,0.8057093862657825
12,1.1,0.3,1.0898649609067923,0.0160852025707083,4.993720086660762,0.740033500837521,0.7335554380959786
12,1.1,0.3,1.0732210355321055,0.012037799652998137,4.977959703750383,0.6127303182579564,0.5989357292936717
12,1.1,0.3,1.0843490986750797,0.010966403170032892,4.9394642765508925,0.5963149078726968,0.5793657250508149
12,1.1,0.3,1.0742929129396177,0.01905435778189954,4.984032958625832,0.7487437185929648,0.744656998489606
13,1.2,0.1,1.1774189497763299,0.10704152447966851,4.665570918977035,0.7614740368509213,0.7565849133373717
13,1.2,0.1,1.1855474201312135,0.5134521932012275,4.7723660386831614,0.7865996649916248,0.7831187385986272
13,1.2,0.1,1.1870015289849982,0.20639370950892413,4.600657426194653,0.7695142378559464,0.7648199073298574
13,1.2,0.1,1.2073261440116223,0.8173044836187513,4.817996885296279,0.7989949748743719,0.7968562376055062
13,1.2,0.1,1.169035111193747,0.3112545813245854,4.6399460231212455,0.7614740368509213,0.7573872587782213
13,1.2,0.1,1.189999999999998,0.21147870123654935,4.782553314864291,0.7805695142378559,0.7771738383081347
13,1.2,0.1,1.170886141944911,0.1526730328575996,4.765044524348534,0.7748743718592965,0.7701745017576042
13,1.2,0.1,1.1732702989327342,0.5951246228484208,4.872704730287785,0.7852596314907873,0.7822661236349359
14,1.2,0.2,1.1524026373198768,0.04707615441136198,4.8301030656002935,0.7366834170854272,0.7324559415883299
14,1.2,0.2,1.1671587314799508,0.0637604364715417,4.895200734332426,0.7872696817420436,0.7845004797139659
14,1.2,0.2,1.17805771250908,0.05201805684335593,4.869988153207271,0.7949748743718593,0.7920361615016753
14,1.2,0.2,1.1713997470510953,0.1697456883745804,5.014487962789579,0.7993299832495813,0.7974886986098879
14,1.2,0.2,1.178450140184073,0.08130224482862945,4.97717627508548,0.7108877721943049,0.7050448832781774
14,1.2,0.2,1.1479703712434963,0.007016658650630361,4.815219036244893,0.6743718592964824,0.6630244360309339
14,1.2,0.2,1.1705442913769648,0.051483660489146314,4.916401970885847,0.732998324958124,0.7278858297024072
14,1.2,0.2,1.1641791155931303,0.02731037146515324,4.8636722012041975,0.6787269681742043,0.6678124723114542
15,1.2,0.3,1.185325885508878,0.018258388308488204,4.992351513668027,0.42780569514237854,0.3951066309969047
15,1.2,0.3,1.1792890581290243,0.01857288459733664,5.010719907565273,0.7835845896147404,0.7815656007779446
15,1.2,0.3,1.1867532885823795,0.01836320265126313,4.994911256745348,0.7289782244556114,0.7234984721021397
15,1.2,0.3,1.1600458465211219,0.015608172638176508,4.959482280952091,0.44288107202680066,0.41527425464862133
15,1.2,0.3,1.1869065351365142,0.022117735973499267,4.988815282870674,0.5641541038525963,0.5488967254926573
15,1.2,0.3,1.1684355839828113,0.014539714520167295,4.952206123744011,0.3326633165829146,0.28712552829743254
15,1.2,0.3,1.1538411649071318,0.033282746566473516,5.046138670023572,0.6844221105527638,0.6779278905519753
15,1.2,0.3,1.1598161142366186,0.03276894739378007,5.0205417439586295,0.7530988274706868,0.7489224573526075
